1694172328196 1881918.847116024 0
1694172328777 98864.49366273271 1
1694172329331 76831.25953706782 2
1694172329880 52270.763017370344 3
1694172330446 29380.957431225066 4
1694172331012 15374.277995657414 5
1694172331577 7405.148819294382 6
1694172332131 3485.1518275484127 7
1694172332701 1570.6576414717006 8
1694172333260 679.0991881350253 9
1694172333818 332.5941925860466 10
1694172334382 167.227003523644 11
1694172334943 95.28739150027012 12
1694172335504 53.67146831877688 13
1694172336107 30.71923929072441 14
1694172336670 15.845371784047877 15
1694172337234 8.418444567538323 16
1694172337801 4.439376864027469 17
1694172338357 2.6734434391589876 18
1694172338910 2.037350078212454 19
1694172339464 1.734727382659912 20
1694172340013 1.637628897707513 21
1694172340566 1.6038640946783917 22
1694172341119 1.5948474749605706 23
1694172341673 1.5919863714816722 24
1694172342230 1.5895999207141551 25
1694172342783 1.589068426096693 26
1694172343340 1.589191103869296 27
1694172343899 1.5899803441889742 28
1694172344455 1.5891692790579288 29
