1694172463222 1921190.9532704456 0
1694172463805 112433.99792220745 1
1694172464360 88098.7803565492 2
1694172464909 60023.3823657746 3
1694172465475 33400.111374875334 4
1694172466038 17304.038288522275 5
1694172466601 8338.172876236287 6
1694172467157 3784.164937770113 7
1694172467711 1638.3467296843833 8
1694172468270 771.2018153413813 9
1694172468835 360.0405039685838 10
1694172469405 205.27372084272668 11
1694172469971 128.44095966663767 12
1694172470528 72.06090417821356 13
1694172471093 43.34355277203499 14
1694172471657 24.551063420924734 15
1694172472224 14.89316139322646 16
1694172472794 8.330036822785722 17
1694172473364 4.171708489986176 18
1694172473916 2.5800606145503675 19
1694172474473 1.8345236632418125 20
1694172475025 1.536961020307338 21
1694172475576 1.4190598992591208 22
1694172476127 1.372587077795191 23
1694172476684 1.362302749714953 24
1694172477236 1.358968694159325 25
1694172477784 1.3584499669835923 26
1694172478333 1.3578184646494844 27
1694172478883 1.358463929054585 28
1694172479446 1.3581271913457424 29
1694172480004 1.3581263771716585 30
1694172480567 1.3579624054279733 31
1694172481140 1.358138346291603 32
1694172481704 6.670991480350494 33
1694172482260 33.09859411576961 34
1694172482820 1.362963890775721 35
1694172483369 2.7806988821384753 36
1694172483931 61.47624035338138 37
1694172484501 1.3684982454523127 38
1694172485060 4.837349729335054 39
1694172485610 77.41182149661348 40
1694172486190 1.3666617356716317 41
1694172486744 1.3584940110115296 42
1694172487302 1.4422004413097462 43
1694172487852 57.44228813115587 44
1694172488403 17.58303374812958 45
1694172488955 31.66320625645049 46
1694172489510 16.49805299842611 47
1694172490072 6.03537488427568 48
1694172490629 88.22916877269745 49
1694172491179 1.3708423509242686 50
1694172491751 1.3614639005762466 51
1694172492318 15.973473921735236 52
1694172492881 31.957697206355157 53
1694172493443 13.273060454333082 54
1694172494082 59.3845616014714 55
1694172494704 1.4675946051770068 56
1694172495297 124.55754184025399 57
1694172495868 28.635870719843723 58
1694172496458 1.3627132621217282 59
